  1	 11		70.92	<.0001	0.21446965
  2	 36		29.66	<.0001	0.08470218
  3	  3		27.06	<.0001	0.03531760
  4	 15		24.14	<.0001	0.01571383
  5	 89		24.02	<.0001	0.00701038
  6	 78		22.38	<.0001	0.00324969
  7	 61		16.70	<.0001	0.00174354
  8	 12		16.52	<.0001	0.00094018
  9	 23		12.73	<.0001	0.00056688
 10	 33		11.66	<.0001	0.00035350
 11	 25		17.25	<.0001	0.00018675
 12	 51		10.55	<.0001	0.00012079
 13	 10		8.85	<.0001	0.00008284
 14	 18		10.23	<.0001	0.00005414
 15	 26		7.75	<.0001	0.00003863
 16	 13		8.38	<.0001	0.00002693
 17	 59		7.81	<.0001	0.00001917
 18	  4		7.45	<.0001	0.00001383
 19	  6		7.84	<.0001	0.00000983
 20	  7		6.62	<.0001	0.00000732
 21	  8		7.01	<.0001	0.00000537
 22	 35		5.54	<.0001	0.00000417
 23	 54		5.63	<.0001	0.00000323
 24	 39		5.54	<.0001	0.00000251
 25	  5		5.15	<.0001	0.00000198
 26	 17		4.96	<.0001	0.00000157
 27	  9		4.47	<.0001	0.00000128
 28	 53		4.34	<.0001	0.00000104
 29	 34		4.16	<.0001	0.00000086
 30	 32		5.13	<.0001	0.00000068
 31	 28		4.14	<.0001	0.00000056
 32	 42		4.17	<.0001	0.00000046
 33	 31		4.02	<.0001	0.00000038
 34	 24		3.89	<.0001	0.00000031
 35	 14		3.43	<.0001	0.00000027
 36	 20		3.37	<.0001	0.00000023
 37	 22		4.13	<.0001	0.00000019
 38	 27		3.11	<.0001	0.00000016
 39	  2		3.09	<.0001	0.00000014
 40	 52		2.89	<.0001	0.00000012
 41	 60		3.08	<.0001	0.00000010
 42	 57		4.24	<.0001	0.00000008
 43	 58		5.03	<.0001	0.00000007
 44	 16		2.89	<.0001	0.00000006
 45	 49		2.73	<.0001	0.00000005
 46	 76		2.64	<.0001	0.00000004
 47	 77		2.66	<.0001	0.00000004
 48	 85		3.27	<.0001	0.00000003
 49	 79		2.79	<.0001	0.00000003
 50	 86		2.76	<.0001	0.00000003
 51	 82		2.73	<.0001	0.00000002
 52	 81		2.88	<.0001	0.00000002
 53	 21		2.55	<.0001	0.00000002
 54	 50		2.42	<.0001	0.00000002
 55	 37		2.46	<.0001	0.00000001
 56	 19		2.34	<.0001	0.00000001
 57	 30		2.20	<.0001	0.00000001
 58	 29		3.44	<.0001	0.00000001
 59	 84		2.00	<.0001	0.00000001
 60	 47		1.96	<.0001	0.00000001
 61	 41		2.23	<.0001	0.00000001
 62	 44		2.00	<.0001	0.00000001
 63	 45		2.71	<.0001	0.00000001
 64	 87		1.79	<.0001	0.00000000
 65	 88		1.88	<.0001	0.00000000
 66	 80		1.84	<.0001	0.00000000
 67	 38		1.78	<.0001	0.00000000
 68	 46		3.32	<.0001	0.00000000
 69	 43		1.89	<.0001	0.00000000
 70	 62		1.53	<.0001	0.00000000
 71	 40		1.54	<.0001	0.00000000
 72	 63		1.48	<.0001	0.00000000
 73	 48		1.51	<.0001	0.00000000
 74	 83		1.48	<.0001	0.00000000
 75	 65		1.35	0.0004	0.00000000
 76	 74		1.38	0.0002	0.00000000
 77	 73		1.39	0.0001	0.00000000
 78	 66		1.49	<.0001	0.00000000
 79	 64		1.50	<.0001	0.00000000
 80	 72		1.76	<.0001	0.00000000
 81	 75		1.43	<.0001	0.00000000
 82	 71		1.28	0.0031	0.00000000
 83	 69		1.23	0.0124	0.00000000
 84	 68		1.31	0.0014	0.00000000
 85	 67		1.17	0.0456	0.00000000
 86	 70		1.20	0.0236	0.00000000
